0.0006
0.00046656
0.00048547
0.000789433
0.000479525
0.000713905
0.000595475
0.000469751
0.000608118
0.000536639
0.000546912
6.61882e-05
0.000305693
0.000308963
0.000384103
0.000308533
0.000225072
0.000296482
0.000320794
0.000327865
0.000218392
6.61882e-05
0.000468193
0.000505491
0.000511668
0.000425639
0.000443423
0.000449343
0.00050858
0.000516534
0.000455026
0.000556222
8.32086e-05
0.000351068
0.000282084
0.000340442
0.00026662
0.000303683
0.00038957
0.000334053
0.000410138
0.00024808
8.32086e-05
0.000343865
0.000273215
0.000427114
0.000442534
0.00037408
0.000371847
0.000315261
0.000268554
0.000343173
0.000262296
7.02244e-05
0.000275075
0.000323974
0.000410346
0.000277905
0.000327735
0.000410307
0.000428743
0.000453888
0.000387836
7.02244e-05
0.000320872
0.000361463
0.000231462
0.00034856
0.000284683
0.000264685
0.000361696
0.000201465
0.000330006
0.000308457
9.63253e-05
0.000431978
0.000369243
0.000375974
0.000446425
0.000448489
0.000355173
0.000581235
0.000551094
0.000558611
9.63253e-05
0.000184218
0.000158373
0.000267284
0.000246361
0.000265185
0.000216795
0.000188052
0.000279612
0.000163115
0.000244789
8.28058e-05
0.000535185
0.000459437
0.000597093
0.000698285
0.0006167
0.000428682
0.000492379
0.000638551
0.000450634
8.28058e-05
0.000166515
0.000162722
0.000180895
0.000146799
0.000148921
0.000133013
0.000216863
0.000185436
0.000174546
0.000183385
7.41981e-05
0.000660871
0.000612695
0.000493958
0.000674467
0.000545985
0.000546074
0.000666381
0.000712346
0.000471014
7.41981e-05
0.000135839
0.000124771
0.000122868
0.000110097
0.000105306
0.000152856
0.000137184
0.000140097
0.000117189
0.000141123
0.000106956
0.000521285
0.000748259
0.000676163
0.000544382
0.000613886
0.000842612
0.000659395
0.000848858
0.000814918
0.000106956
0.000103011
9.49323e-05
0.000109796
7.86656e-05
8.66276e-05
8.76268e-05
0.000104254
0.000101711
9.38614e-05
7.18191e-05
0.00476
0.00437716
0.00443551
0.00521589
0.00441733
0.00504394
0.004748
0.00438712
0.00478137
0.00458617
0.00461525
0.00126817
0.00211193
0.00211943
0.00227894
0.00211845
0.00190703
0.0020905
0.00214615
0.0021618
0.00188798
0.00126817
0.00438226
0.00449567
0.00451391
0.00424525
0.00430358
0.00432264
0.00450481
0.00452817
0.00434079
0.00464129
0.0013687
0.00221164
0.0020561
0.0021891
0.00201782
0.00210729
0.0022897
0.00217532
0.00232931
0.00196992
0.0013687
0.00395384
0.00366205
0.00425015
0.0043007
0.00406641
0.00405831
0.00384102
0.00364111
0.00395119
0.00361261
0.00129344
0.00203893
0.00215322
0.0023297
0.00204589
0.00216152
0.00232963
0.00236401
0.00240935
0.0022863
0.00129344
0.00386367
0.00402017
0.00346511
0.00397175
0.00371259
0.00362354
0.00402103
0.00330844
0.00389999
0.00381319
0.00143714
0.00236994
0.00224917
0.00226275
0.00239608
0.00239976
0.00222023
0.00261638
0.00257035
0.00258199
0.00143714
0.0032112
0.0030534
0.00363536
0.00353791
0.00362582
0.00339031
0.00323333
0.00369041
0.00308357
0.00353037
0.00136648
0.00254538
0.00241913
0.00263997
0.00278139
0.00266855
0.0023639
0.00247562
0.0026997
0.00240358
0.00136648
0.00310485
0.0030811
0.00319177
0.00297713
0.0029914
0.00288085
0.00339067
0.00321826
0.00315399
0.00320635
0.00131739
0.0027308
0.00266276
0.00247826
0.0027494
0.00256239
0.00256252
0.00273837
0.00279993
0.00243928
0.00131739
0.00290112
0.00282008
0.00280567
0.00270488
0.00266507
0.00301752
0.00291066
0.00293111
0.00276175
0.00293825
0.00148817
0.00252315
0.00284622
0.0027517
0.00255988
0.00266449
0.00296115
0.00272877
0.00296845
0.00292835
0.00148817
0.00264556
0.00257451
0.00270242
0.00241816
0.00249713
0.0025067
0.00265616
0.00263439
0.00256479
0.00234587
0
0.00922853
0.00928747
0.0100756
0.00926911
0.00990198
0.00960308
0.00923859
0.00963679
0.00943964
0.00946901
0.01408
0.0142716
0.0157561
0.015976
0.0154326
0.0149845
0.0148395
0.0149789
0.0149098
0.0142059
0.0144506
0.0192374
0.0204835
0.0209736
0.0205804
0.0199736
0.0195346
0.0199955
0.0200281
0.0196147
0.0193208
0.0243801
0.0257981
0.0256863
0.0258915
0.0249318
0.0243534
0.025276
0.0251682
0.0252872
0.0243093
0.0246223
0.030409
0.0299817
0.0304668
0.0305434
0.0290454
0.0299813
0.029659
0.0292795
0.029766
0.0284003
0.0350011
0.0348154
0.0350226
0.035451
0.035122
0.0341556
0.0347916
0.0341792
0.03441
0.0343176
0.0323308
0.0391347
0.0392614
0.0390595
0.0399092
0.0387895
0.0389957
0.0395959
0.0380665
0.0390237
0.0387055
0.0439809
0.0443283
0.0436962
0.0443063
0.0446136
0.0429293
0.0442877
0.0448398
0.0439226
0.0440257
0.0433135
0.0482312
0.0479649
0.0481875
0.0486779
0.0488231
0.0480213
0.0489583
0.0496629
0.0478054
0.0485305
0.0521963
0.0524549
0.0523624
0.053072
0.0536758
0.0533067
0.0527154
0.0543244
0.0545499
0.0528009
0.0527164
0.0565517
0.0565132
0.0569234
0.057529
0.0575542
0.0564785
0.0585646
0.0587489
0.0586417
0.0565712
0.060342
0.0609816
0.0608406
0.0606914
0.0614146
0.0607778
0.0630065
0.0631778
0.0631532
0.0624408
0.0602644
0.065134
0.065001
0.0640469
0.0647707
0.064689
0.066874
0.0671436
0.0671203
0.0668138
0.0658771
0.0691228
0.0689803
0.0686505
0.0680082
0.0677521
0.0704551
0.0715418
0.0711323
0.0714145
0.0708636
0.0697001
0.0723989
0.072259
0.072103
0.0705853
0.0728106
0.0752931
0.0755597
0.0752341
0.0751041
0.074177
0
0.0473505
0.0385378
0.0288864
0.0192532
0.00979195
0
-0.00913512
-0.0183036
-0.0276712
-0.0368726
0.0504595
0.0429442
0.0337121
0.0240698
0.0145226
0.00489597
-0.00456756
-0.0137194
-0.0229874
-0.0322719
-0.0402197
0.0473454
0.0385378
0.0288864
0.0192532
0.00979195
0
-0.00913512
-0.0183036
-0.0276712
-0.0368726
0.050359
0.0429416
0.0337121
0.0240698
0.0145226
0.00489597
-0.00456756
-0.0137194
-0.0229874
-0.0322719
-0.0401191
0.0473505
0.0385378
0.0288864
0.0192532
0.00979195
0
-0.00913512
-0.0183036
-0.0276712
-0.0368726
0.0504342
0.0429442
0.0337121
0.0240698
0.0145226
0.00489597
-0.00456756
-0.0137194
-0.0229874
-0.0322719
-0.0401944
0.0473505
0.0385378
0.0288864
0.0192532
0.00979195
0
-0.00913512
-0.0183036
-0.0276712
-0.0368726
0.0502905
0.0429442
0.0337121
0.0240698
0.0145226
0.00489597
-0.00456756
-0.0137194
-0.0229874
-0.0322719
-0.0400507
0.0473505
0.0385378
0.0288864
0.0192532
0.00979195
0
-0.00913512
-0.0183036
-0.0276712
-0.0368726
0.0503612
0.0429442
0.0337121
0.0240698
0.0145226
0.00489597
-0.00456756
-0.0137194
-0.0229874
-0.0322719
-0.0401214
0.0473505
0.0385378
0.0288864
0.0192532
0.00979195
0
-0.00913512
-0.0183036
-0.0276712
-0.0368726
0.0504103
0.0429442
0.0337121
0.0240698
0.0145226
0.00489597
-0.00456756
-0.0137194
-0.0229874
-0.0322719
-0.0401704
0.0473505
0.0385378
0.0288864
0.0192532
0.00979195
0
-0.00913512
-0.0183036
-0.0276712
-0.0368726
0.0502395
0.0429442
0.0337121
0.0240698
0.0145226
0.00489597
-0.00456756
-0.0137194
-0.0229874
-0.0322719
-0.0399997
0.0473505
0.0385378
0.0288864
0.0192532
0.00979195
0
-0.00913512
-0.0183036
-0.0276712
-0.0368726

#Massa ate a linha 158
#Raios ate a linha 316
#'a' ate a linha 474, 'x' inicial
#'b' ate a linha 632, 'y' inicial
