0.0782159
0
1.10545e+08
1.15309e+08
1.15181e+08
1.14291e+08
1.16474e+08
1.12463e+08
1.12652e+08
1.13949e+08
1.12958e+08
1.45339e+08
1.74938e+08
1.75314e+08
1.75524e+08
1.79931e+08
1.84582e+08
1.79709e+08
1.7538e+08
1.79022e+08
1.72418e+08
1.70962e+08
1.7658e+08
1.744e+08
1.75952e+08
1.78385e+08
1.78832e+08
1.77659e+08
1.69501e+08
1.69657e+08
1.46188e+08
1.10212e+08
1.11285e+08
1.15854e+08
1.0958e+08
1.13495e+08
1.1203e+08
1.11033e+08
1.13579e+08
1.1122e+08
1.13296e+08
1.45358e+08
1.74971e+08
1.75693e+08
1.75905e+08
1.76019e+08
1.80367e+08
1.78482e+08
1.74239e+08
1.74634e+08
1.68487e+08
1.68601e+08
1.73982e+08
1.7514e+08
1.76712e+08
1.76859e+08
1.77295e+08
1.76072e+08
1.68121e+08
1.69795e+08
1.46277e+08
1.10947e+08
1.11775e+08
1.10159e+08
1.08877e+08
1.09371e+08
1.10616e+08
1.1192e+08
1.10875e+08
1.11542e+08
1.49683e+08
1.77695e+08
1.78452e+08
1.74093e+08
1.74203e+08
1.77957e+08
1.76146e+08
1.71411e+08
1.71787e+08
1.74325e+08
1.74451e+08
1.79319e+08
1.80588e+08
1.7752e+08
1.77669e+08
1.81775e+08
1.80456e+08
1.70612e+08
1.72363e+08
1.50687e+08
1.07374e+08
1.05803e+08
1.10192e+08
1.08859e+08
1.07691e+08
1.07752e+08
1.07238e+08
1.05806e+08
1.07113e+08
1.06151e+08
1.4779e+08
1.74552e+08
1.72109e+08
1.68189e+08
1.72536e+08
1.7618e+08
1.76533e+08
1.71768e+08
1.7021e+08
1.72677e+08
1.72619e+08
1.77331e+08
1.75549e+08
1.72726e+08
1.71037e+08
1.7469e+08
1.77427e+08
1.68046e+08
1.65485e+08
1.46027e+08
1.02692e+08
1.04457e+08
1.08891e+08
1.07674e+08
1.06144e+08
1.04622e+08
1.01824e+08
1.02522e+08
1.02312e+08
1.44696e+08
1.69995e+08
1.67737e+08
1.70672e+08
1.75219e+08
1.79798e+08
1.80173e+08
1.72576e+08
1.70996e+08
1.74122e+08
1.74062e+08
1.7831e+08
1.76499e+08
1.77303e+08
1.75477e+08
1.76487e+08
1.79311e+08
1.76387e+08
1.73433e+08
1.4304e+08
1.04112e+08
1.03101e+08
1.02898e+08
1.0702e+08
1.03754e+08
1.03046e+08
1.04387e+08
9.80558e+07
1.0434e+08
1.01439e+08
1.44282e+08
1.69324e+08
1.70475e+08
1.73558e+08
1.68904e+08
1.72993e+08
1.77608e+08
1.70318e+08
1.68332e+08
1.71312e+08
1.70542e+08
1.74533e+08
1.7801e+08
1.78835e+08
1.72104e+08
1.73057e+08
1.78867e+08
1.75964e+08
1.75228e+08
1.44043e+08
1.04539e+08
1.01601e+08
1.01316e+08
1.03169e+08
1.00854e+08
1.02821e+08
1.00338e+08
9.96429e+07
1.03415e+08
1.50009e+08
1.7764e+08
1.78969e+08
1.7602e+08
1.71171e+08
1.71483e+08
1.75974e+08
1.79179e+08
1.76871e+08
1.76953e+08
1.76106e+08
1.71973e+08
1.75296e+08
1.84527e+08
1.7716e+08
1.7628e+08
1.82434e+08
1.82682e+08
1.81859e+08
1.49741e+08
9.86274e+07
9.81111e+07
9.92001e+07
1.01877e+08
1.0087e+08
9.8567e+07
9.97051e+07
9.83692e+07
9.77336e+07
1.00838e+08
1.46041e+08
1.71152e+08
1.69304e+08
1.66802e+08
1.7277e+08
1.73092e+08
1.72184e+08
1.75183e+08
1.76046e+08
1.76128e+08
1.73741e+08
1.69768e+08
1.68161e+08
1.76258e+08
1.81353e+08
1.8041e+08
1.73536e+08
1.73749e+08
1.78988e+08
1.48126e+08
9.31756e+07
9.59436e+07
9.97268e+07
9.96621e+07
9.85819e+07
9.58119e+07
9.77722e+07
9.65308e+07
9.55499e+07
1.435e+08
1.7465e+08
1.72688e+08
1.70282e+08
1.76647e+08
1.81257e+08
1.80216e+08
1.82899e+08
1.83882e+08
1.81721e+08
1.79103e+08
1.72974e+08
1.71275e+08
1.73552e+08
1.78409e+08
1.83013e+08
1.75848e+08
1.70343e+08
1.7527e+08
1.45477e+08
9.35739e+07
9.22313e+07
9.70943e+07
9.46972e+07
9.53512e+07
9.29458e+07
9.58144e+07
9.76504e+07
9.29979e+07
9.65417e+07
1.42772e+08
1.73342e+08
1.73042e+08
1.70621e+08
1.71937e+08
1.7618e+08
1.73373e+08
1.75758e+08
1.75961e+08
1.74064e+08
1.7251e+08
1.67014e+08
1.72978e+08
1.75325e+08
1.73376e+08
1.77592e+08
1.76772e+08
1.71182e+08
1.71789e+08
1.43468e+08
9.26176e+07
9.32522e+07
9.24345e+07
9.09758e+07
9.02233e+07
9.2948e+07
9.56998e+07
9.39978e+07
9.39115e+07
1.4096e+08
1.76669e+08
1.76351e+08
1.75169e+08
1.76594e+08
1.73116e+08
1.70451e+08
1.75232e+08
1.75433e+08
1.72189e+08
1.70685e+08
1.70687e+08
1.77069e+08
1.80398e+08
1.78278e+08
1.79346e+08
1.78502e+08
1.71897e+08
1.72513e+08
1.4163e+08
9.12084e+07
9.03727e+07
9.10069e+07
8.86636e+07
8.84183e+07
9.04155e+07
9.32063e+07
9.22433e+07
9.03735e+07
9.22203e+07
1.39509e+08
1.73836e+08
1.72637e+08
1.71528e+08
1.71314e+08
1.68133e+08
1.66683e+08
1.71145e+08
1.70504e+08
1.67522e+08
1.72534e+08
1.72536e+08
1.711e+08
1.74099e+08
1.74394e+08
1.75394e+08
1.72824e+08
1.66809e+08
1.69209e+08
1.39785e+08
8.90621e+07
8.83247e+07
8.74013e+07
8.62912e+07
8.85991e+07
9.06533e+07
9.00042e+07
8.8811e+07
8.88634e+07
1.45363e+08
1.70264e+08
1.69138e+08
1.74444e+08
1.74219e+08
1.72753e+08
1.71181e+08
1.68087e+08
1.6748e+08
1.69183e+08
1.7435e+08
1.79182e+08
1.77574e+08
1.73941e+08
1.74235e+08
1.77997e+08
1.75312e+08
1.74737e+08
1.77502e+08
1.45675e+08
8.76089e+07
8.64017e+07
8.7381e+07
8.41542e+07
8.45631e+07
8.71494e+07
8.77692e+07
8.77258e+07
8.58854e+07
8.50615e+07
1.43039e+08
1.66563e+08
1.65453e+08
1.70409e+08
1.72567e+08
1.71141e+08
1.66282e+08
1.63442e+08
1.64787e+08
1.66408e+08
1.66572e+08
1.70771e+08
1.73434e+08
1.70044e+08
1.69689e+08
1.73157e+08
1.71926e+08
1.71383e+08
1.67272e+08
1.39859e+08
8.50729e+07
8.55177e+07
8.41361e+07
8.2549e+07
8.32998e+07
8.45778e+07
8.56524e+07
8.49028e+07
8.24387e+07
1.37257e+08
1.4094e+08
1.30361e+08
1.30361e+08
1.37337e+08
1.41337e+08
1.35429e+08
1.35429e+08
1.30451e+08
1.24695e+08
1.31654e+08
1.31654e+08
1.28955e+08
1.2811e+08
1.38774e+08
1.38774e+08
1.17563e+08
1.23267e+08
1.3532e+08
1.3532e+08
1.156e+08
1.17474e+08
1.32867e+08
1.32867e+08
1.11743e+08
1.12456e+08
1.41217e+08
1.41217e+08
1.06708e+08
1.00482e+08
1.37257e+08
1.38169e+08
1.49831e+08
1.37885e+08
1.47341e+08
1.42953e+08
1.37413e+08
1.43454e+08
1.40496e+08
1.4094e+08
8.00321e+07
1.0421e+08
1.10681e+08
1.08827e+08
1.04966e+08
1.07089e+08
1.12893e+08
1.08373e+08
1.13032e+08
1.12266e+08
8.00321e+07
1.06708e+08
1.05265e+08
1.07848e+08
1.02019e+08
1.03671e+08
1.0387e+08
1.06921e+08
1.06482e+08
1.05066e+08
1.00482e+08
4.07249e+09
4.7055e+09
4.79432e+09
4.79374e+09
4.58327e+09
4.56882e+09
4.70804e+09
4.74787e+09
4.5929e+09
3.98478e+09
3.71189e+09
4.75524e+09
4.67382e+09
4.83434e+09
4.65095e+09
4.57753e+09
4.7826e+09
4.75523e+09
4.84441e+09
4.49204e+09
3.71189e+09
4.20673e+09
4.72255e+09
4.71088e+09
4.688e+09
4.64496e+09
4.79259e+09
4.8321e+09
4.85224e+09
4.72649e+09
4.11141e+09
3.73085e+09
4.71228e+09
4.69198e+09
4.86035e+09
4.61124e+09
4.7259e+09
4.91632e+09
4.86953e+09
4.97889e+09
4.70625e+09
3.73085e+09
4.07e+09
4.68191e+09
4.83961e+09
4.77496e+09
4.6904e+09
4.84441e+09
4.95575e+09
4.99757e+09
4.95525e+09
4.15825e+09
3.77478e+09
4.78964e+09
4.79852e+09
4.90165e+09
4.80618e+09
4.87884e+09
4.87798e+09
5.09847e+09
5.10201e+09
5.03793e+09
3.77478e+09
4.32731e+09
4.9147e+09
4.85898e+09
4.93545e+09
5.00955e+09
4.91313e+09
5.01389e+09
5.2095e+09
5.19239e+09
4.39599e+09
3.82902e+09
5.06834e+09
4.93921e+09
5.05005e+09
5.19061e+09
5.14264e+09
4.89532e+09
5.15994e+09
5.2498e+09
5.10441e+09
3.82902e+09
4.31403e+09
5.09523e+09
5.1403e+09
5.32442e+09
5.33911e+09
5.12223e+09
5.03097e+09
5.19909e+09
5.15892e+09
4.27025e+09
3.74692e+09
5.25119e+09
5.15086e+09
5.1726e+09
5.37963e+09
5.23078e+09
5.07316e+09
5.21674e+09
5.36366e+09
5.03391e+09
3.74692e+09
4.31289e+09
5.31214e+09
5.18336e+09
5.22318e+09
5.26887e+09
5.17856e+09
5.26383e+09
5.38304e+09
5.22358e+09
4.23139e+09
3.82446e+09
5.23926e+09
5.36613e+09
5.22422e+09
5.26753e+09
5.22883e+09
5.36224e+09
5.34867e+09
5.49171e+09
5.27773e+09
3.82446e+09
4.4264e+09
5.29103e+09
5.4115e+09
5.26859e+09
5.22752e+09
5.4181e+09
5.45201e+09
5.45523e+09
5.55475e+09
4.54458e+09
0
1.62173
1.8618
1.85366
1.81065
1.94462
1.7185
1.72789
1.80233
1.74918
0.917854
1.79746
1.81342
1.82043
1.99887
2.18388
1.95772
1.81455
1.96384
1.71769
1.67105
1.86952
1.78044
1.83139
1.93552
1.95178
1.90151
1.62205
1.62722
0.929051
1.60484
1.66008
1.8965
1.57191
1.76193
1.69382
1.64663
1.78108
1.65488
1.76757
0.918113
1.79887
1.82944
1.83661
1.84142
1.98929
1.89832
1.76541
1.78249
1.586
1.59007
1.76288
1.81116
1.86445
1.87081
1.8857
1.83172
1.57509
1.63178
0.930173
1.64217
1.68589
1.59987
1.5377
1.56236
1.62447
1.69355
1.63776
1.67083
1.02837
1.88814
1.9228
1.77538
1.77979
1.90733
1.82533
1.6763
1.69125
1.77259
1.778
1.93436
1.99592
1.89187
1.89847
2.03853
1.97297
1.65504
1.71962
1.04436
1.45903
1.36984
1.60161
1.53682
1.47821
1.48068
1.44467
1.36729
1.44757
1.37552
0.995059
1.74133
1.62614
1.52784
1.71205
1.82691
1.84304
1.69052
1.62777
1.70126
1.69869
1.83677
1.74898
1.67377
1.5957
1.68375
1.82073
1.55553
1.45254
0.960438
1.25038
1.3193
1.5384
1.47742
1.40691
1.33603
1.21518
1.2428
1.2333
0.918585
1.61181
1.51631
1.59049
1.79669
1.9398
1.95862
1.71638
1.65122
1.74405
1.74131
1.865
1.77387
1.79475
1.70222
1.72562
1.87193
1.79206
1.64735
0.890143
1.31457
1.2666
1.24283
1.44455
1.29509
1.26227
1.32602
1.06242
1.32488
1.19915
0.911745
1.58361
1.63183
1.72197
1.51007
1.60003
1.82958
1.62281
1.53857
1.61552
1.58026
1.67575
1.84986
1.8731
1.53586
1.55393
1.84872
1.77126
1.73511
0.907716
1.33302
1.19735
1.18712
1.27148
1.17615
1.2536
1.13943
1.11646
1.28405
1.0542
1.80847
1.8767
1.79307
1.56056
1.5674
1.78407
1.87274
1.75345
1.75543
1.7121
1.61498
1.77238
2.02833
1.62802
1.61267
1.9405
1.94673
1.90105
1.0484
1.07435
1.03944
1.10928
1.21265
1.17681
1.08384
1.11068
1.07325
1.03289
1.17313
0.96111
1.48672
1.40072
1.35968
1.6367
1.64441
1.60085
1.66765
1.71136
1.71322
1.59349
1.51178
1.43791
1.58251
1.85034
1.82935
1.47789
1.48107
1.74541
1.01189
0.890778
0.9768
1.1307
1.12819
1.08438
0.982264
1.04847
0.997217
0.967117
0.905416
1.54709
1.45272
1.41615
1.7277
1.82938
1.77285
1.82504
1.87993
1.83573
1.69497
1.57813
1.49625
1.53678
1.78373
1.8865
1.51153
1.42832
1.66739
0.948757
0.904652
0.860372
1.02346
0.933323
0.953586
0.875329
0.982348
1.04343
0.885519
1.00606
0.888587
1.48373
1.46944
1.43186
1.49386
1.56396
1.42929
1.46011
1.46963
1.44498
1.37386
1.30209
1.57831
1.62468
1.52822
1.59752
1.55664
1.46755
1.49638
0.904677
0.873057
0.893776
0.865482
0.820092
0.796178
0.875391
0.978072
0.919328
0.916425
0.850593
1.53289
1.51745
1.50074
1.57045
1.51399
1.38887
1.45347
1.46289
1.41941
1.35114
1.35117
1.65785
1.71803
1.60818
1.62444
1.58193
1.47958
1.509
0.864962
0.826036
0.798887
0.816023
0.746868
0.738525
0.801911
0.884987
0.857989
0.796021
0.857594
0.818204
1.39956
1.34608
1.33345
1.32412
1.2862
1.22501
1.27273
1.24621
1.21609
1.43542
1.43546
1.36965
1.40734
1.42084
1.43296
1.31878
1.25114
1.35551
0.824484
0.761063
0.739448
0.712395
0.68151
0.743253
0.809573
0.789838
0.752806
0.754278
0.932657
1.35453
1.30491
1.36583
1.35598
1.34022
1.27309
1.24068
1.21565
1.23318
1.46074
1.52261
1.4474
1.40544
1.41889
1.46302
1.34359
1.33801
1.46123
0.941455
0.716416
0.682506
0.711798
0.621384
0.633972
0.696707
0.721051
0.718997
0.669042
0.63629
0.866355
1.19694
1.1527
1.19816
1.28541
1.27144
1.08247
1.0599
1.10975
1.12396
1.13018
1.16424
1.26847
1.23723
1.22282
1.25409
1.20543
1.20103
1.05073
0.775201
0.648297
0.659841
0.620963
0.583377
0.602389
0.634566
0.664054
0.643776
0.579153
2.53058
2.77636
0.928891
0.928891
2.53574
2.80384
1.06155
1.06155
2.11796
1.80851
0.961525
0.961525
2.03416
1.98787
1.15618
1.15618
1.47164
1.73708
1.05855
1.05855
1.38741
1.46776
0.992899
0.992899
1.23203
1.25977
1.22898
1.22898
1.04843
0.849502
2.53058
2.58992
3.43921
2.57137
3.24326
2.91762
2.54067
2.95359
2.74582
2.77636
0.925199
2.33073
2.87781
2.71266
2.39043
2.56399
3.08424
2.67321
3.09755
3.02469
0.925199
1.04843
0.999653
1.08818
0.895844
0.94767
0.954032
1.05579
1.04069
0.99306
0.849502
4.70718
8.50321
9.06052
9.05648
7.72306
7.64561
8.51712
8.77409
7.75909
4.49893
3.69914
8.81497
8.30172
9.34074
8.15599
7.69236
8.97315
8.82139
9.39516
7.2231
3.69914
5.31948
8.59447
8.52478
8.37232
8.12072
9.04362
9.32206
9.45151
8.54763
5.06142
3.7694
8.52511
8.41135
9.50981
7.92127
8.63088
9.91187
9.56192
10.3572
8.43836
3.7694
4.77165
8.34567
9.36036
8.89477
8.3986
9.39497
10.1933
10.4969
10.18
4.97235
3.91551
8.97185
9.09976
9.80676
9.07307
9.61173
9.63668
11.216
11.2688
10.7388
3.91551
5.83806
9.89143
9.51406
10.0363
10.5866
9.86821
10.5136
12.1395
12.0018
6.00971
4.12913
11.0069
10.0555
10.7938
11.8892
11.5556
9.75125
11.728
12.4616
11.2834
4.12913
5.56202
11.2232
11.5528
13.0911
13.2229
11.3814
10.7374
12.0225
11.6745
5.46546
3.82921
12.4613
11.6292
11.8249
13.5855
12.3078
11.0379
12.1539
13.4389
10.7671
3.82921
5.36383
12.9958
11.906
12.2037
12.6087
11.8904
12.5691
13.6139
12.1699
5.20802
4.09318
12.3564
13.4449
12.2114
12.5968
12.2923
13.3294
13.3144
14.5844
12.5513
4.09318
6.26762
12.75
13.8641
12.6052
12.2812
13.8716
14.2013
14.2285
15.197
6.55498

#ALPHA ate a linha 424
#BETA ate a linha 454
#TEMPORARY_WALL ate a linha 485
#ALPHA_INTER ate a linha 621

#GAMMA_ALPHA ate a linha 1044
#GAMMA_BETA ate a linha 1074
#GAMMA_TEM ate a linha 1105
#GAMMA_INTER ate a linha 1241
